5326931 9167
6205531 8977
5784671 9052
3876913 9132
5936209 9088
7243877 9071
5986391 8943
6582889 9056
422923 9154
2854463 8939
4591187 8983
7539307 9108
4782677 8957
881711 8900
4066333 9303
65063 9171
5937271 8997
7672901 8945
4734589 8885
4603513 9160
2787947 8978
1249873 8732
4865033 8902
6049817 9119
1626707 9113
1740373 8974
2247793 9038
1216583 9101
7602211 9143
2397299 9037
4844561 9135
4899863 8974
4448797 9268
2650699 8992
4210211 8941
4379173 9064
2674241 8870
7538719 9031
4448813 9045
430697 9225
7120387 9077
1337447 9026
2718293 8973
6642917 9042
4181183 9358
5444827 8991
1224347 8881
6863587 9125
534661 9055
2256559 9057
3877033 8984
3518113 9166
6448373 9063
6809851 8957
111773 9067
2850487 9036
5535947 9196
7546067 8992
3639959 8917
4251361 9319
1431217 9073
5267707 9156
3721877 9099
1980079 8848
7353539 9037
3585667 9159
4325621 8602
3924611 9153
4413179 9055
4313849 9131
887989 8917
2017957 8924
4155521 9134
1920223 8900
3513079 9055
7066799 8938
3684607 9016
494287 9210
6398633 8868
1715411 9044
2092243 9246
7706789 8989
1565381 8928
5814923 9109
3761389 8888
241883 9201
6410939 9027
245471 9168
7705769 8974
2571001 9003
6067843 9019
3624671 8973
2213069 8925
5259967 9421
3566789 9146
3312833 9047
7948943 9050
4274873 9163
16127 8612
4728649 9139
7981937 8976
4319563 8998
2806049 9060
7104353 8965
2841893 9027
5470529 9122
5296451 9020
474899 8950
6243659 9053
1870601 8888
197909 9032
5200729 8953
774931 8806
6008131 8910
6632317 8962
1752323 9000
3121973 9111
2022149 8919
6001991 9050
2009857 8855
5091689 9054
2537219 8967
4418917 9072
1669427 8889
6506329 8851
11069 9067
190787 8652
7350071 8911
1483103 8977
3131237 9070
192847 8812
4305167 8918
7845667 9222
6350651 9121
1897793 9113
752489 8740
2178377 8925
4597039 8891
393581 9025
2616139 9002
2143573 8831
1710959 8978
7417609 8990
817013 9044
5262121 9054
3098453 9034
2438489 8839
1168751 8869
5459413 9155
6990317 9041
422287 9193
5488579 9029
14741 8828
3610543 8870
4745681 9235
3759011 9065
4273117 9076
4176803 9002
5028307 8915
1015727 9017
3637141 9095
1653181 8990
5091301 8986
5722111 9015
7546841 9088
6615503 9045
2465161 9127
7597021 8870
2047919 8894
585149 9157
7717321 9127
2612123 8906
1781669 9082
259517 8896
4668409 8972
4229119 9074
1690067 8890
2546669 9134
7932853 8886
1171421 8896
3830773 8902
22481 9072
620507 8943
2107381 8775
166363 8930
4791187 9063
7223221 9084
3523561 8989
2406343 9041
2864077 9217
2027 8830
7159169 9059
574949 8918
2147279 9035
2257361 9028
6223783 8837
7773581 9032
4554169 9245
7135633 8856
44543 9119
